50
61.864
0 1 4.008 1.991
0 2 5.966 1.272
0 3 6.101 1.694
0 4 5.651 1.461
0 5 6.109 1.6
0 6 7.478 1.868
0 7 7.483 0.101
0 8 1.539 0.62
0 9 0.057 0.593
0 10 3.472 0.693
0 11 6.011 0.142
0 12 3.813 0.327
0 13 5.927 0.544
0 14 1.234 2.011
0 15 3.509 0.403
0 16 5.115 1.182
0 17 7.079 1.625
0 18 6.412 0.127
0 19 2.557 1.377
0 20 0.49 1.968
0 21 6.239 1.248
0 22 5.008 0.944
0 23 2.398 1.186
0 24 7.186 1.949
0 25 3.704 2.048
0 26 7.019 0.283
0 27 6.368 0.251
0 28 0.19 0.579
0 29 0.55 1.708
0 30 2.391 1.683
0 31 6.268 1.813
0 32 6.249 1.478
0 33 5.121 1.011
0 34 1.32 1.728
0 35 1.577 0.412
0 36 1.2 1.79
0 37 4.059 0.117
0 38 4.148 1.683
0 39 1.484 0.755
0 40 0.485 1.632
0 41 6.101 0.134
0 42 2.98 2.052
0 43 1.32 1.424
0 44 6.105 0.766
0 45 4.064 0.075
0 46 6.232 1.654
0 47 0.955 1.865
0 48 2.409 1.966
0 49 6.905 0.466
1 2 3.514 1.648
1 3 5.179 0.402
1 4 0.002 0.351
1 5 4.96 0.712
1 6 1.871 0.219
1 7 2.811 0.954
1 8 6.32 1.08
1 9 5.099 0.605
1 10 0.017 1.498
1 11 6.698 2.055
1 12 7.435 0.881
1 13 4.582 0.825
1 14 0.321 1.129
1 15 2.305 0.779
1 16 5.429 0.128
1 17 5.52 1.652
1 18 4.415 1.163
1 19 5.793 0.77
1 20 5.121 1.324
1 21 1.38 1.743
1 22 5.398 1.783
1 23 6.031 0.538
1 24 1.066 0.69
1 25 5.872 0.396
1 26 1.255 0.686
1 27 4.047 0.98
1 28 5.725 1.282
1 29 5.472 1.217
1 30 1.048 0.791
1 31 4.183 0.675
1 32 4.035 1.347
1 33 4.754 1.197
1 34 6.862 0.044
1 35 1.528 0.528
1 36 4.453 1.537
1 37 4.149 0.303
1 38 3.763 0.237
1 39 5.019 0.158
1 40 2.43 1.934
1 41 4.973 1.699
1 42 2.601 0.103
1 43 6.369 0.19
1 44 5.096 1.333
1 45 2.077 1.56
1 46 2.573 0.37
1 47 2.473 0.852
1 48 1.214 0.167
1 49 4.043 1.573
2 3 2.701 1.665
2 4 6.378 0.342
2 5 3.539 1.855
2 6 1.793 0.009
2 7 3.221 0.056
2 8 5.831 1.135
2 9 3.88 0.205
2 10 4.061 0.869
2 11 3.801 0.257
2 12 1.496 0.441
2 13 2.911 2.091
2 14 3.932 2.031
2 15 3.196 0.063
2 16 3.039 1.808
2 17 1.507 1.58
2 18 1.643 0.758
2 19 6.935 1.136
2 20 5.676 1.768
2 21 1.259 1.132
2 22 3.733 1.748
2 23 6.079 0.564
2 24 3.1 1.791
2 25 0.909 0.435
2 26 3.639 0.873
2 27 6.159 0.455
2 28 3.479 0.504
2 29 4.949 1.994
2 30 3.411 1.165
2 31 2.722 0.739
2 32 3.293 0.426
2 33 2.586 0.453
2 34 2.622 0.835
2 35 3.349 1.161
2 36 4.092 1.289
2 37 0.362 1.225
2 38 4.907 1.77
2 39 2.947 1.458
2 40 3.403 0.421
2 41 0.87 1.707
2 42 4.726 1.287
2 43 1.7 2.199
2 44 1.382 0.197
2 45 7.073 1.9
2 46 0.434 1.14
2 47 3.03 0.138
2 48 1.049 0.325
2 49 2.019 1.575
3 4 1.883 1.669
3 5 2.541 0.849
3 6 4.72 0.168
3 7 0.304 2.15
3 8 0.737 1.299
3 9 1.652 0.692
3 10 5.323 1.922
3 11 3.944 1.754
3 12 3.775 0.022
3 13 2.202 0.418
3 14 3.055 2.007
3 15 1.718 1.899
3 16 1.152 1.393
3 17 2.877 1.946
3 18 3.268 0.236
3 19 1.537 0.824
3 20 6.621 1.16
3 21 1.783 0.373
3 22 1.847 1.782
3 23 3.702 0.176
3 24 5.972 1.694
3 25 1.624 1.939
3 26 5.993 0.545
3 27 3.397 1.465
3 28 4.998 0.932
3 29 7.014 0.906
3 30 0.231 0.837
3 31 3.411 1.09
3 32 4.965 1.005
3 33 4.113 0.832
3 34 5.144 2.04
3 35 3.73 1.432
3 36 2.828 1.386
3 37 0.362 0.116
3 38 5.752 0.548
3 39 5.521 0.542
3 40 7.021 0.876
3 41 7.292 0.418
3 42 3.693 0.033
3 43 4.543 0.702
3 44 6.06 2.138
3 45 5.464 2.078
3 46 0.663 0.347
3 47 1.414 1.166
3 48 5.604 0.788
3 49 0.414 2.108
4 5 4.314 0.878
4 6 1.436 1.11
4 7 7.019 1.544
4 8 0.233 1.371
4 9 3.109 0.097
4 10 0.583 0.294
4 11 5.935 2.134
4 12 3.354 1.055
4 13 0.414 0.44
4 14 4.338 2.101
4 15 5.628 1.306
4 16 0.851 1.741
4 17 2.82 0.37
4 18 5.28 0.517
4 19 6.762 0.606
4 20 7.1 1.004
4 21 2.359 0.388
4 22 2.567 1.324
4 23 5.466 2.012
4 24 5.2 1.288
4 25 0.322 0.999
4 26 2.546 1.569
4 27 0.291 0.631
4 28 1.453 0.989
4 29 0.608 0.423
4 30 6.196 1.607
4 31 6.043 1.405
4 32 4.927 1.344
4 33 7.498 1.921
4 34 0.965 0.87
4 35 5.265 0.928
4 36 5.982 1.137
4 37 6.715 2.156
4 38 6.794 2.136
4 39 5.495 1.087
4 40 6.78 2.14
4 41 6.081 0.639
4 42 6.45 2.035
4 43 4.104 1.831
4 44 1.268 2.206
4 45 5.379 0.581
4 46 1.988 1.588
4 47 5.255 0.923
4 48 1.209 0.89
4 49 0.83 1.745
5 6 0.745 2.096
5 7 3.809 1.835
5 8 4.113 1.561
5 9 5.811 1.524
5 10 4.613 0.085
5 11 5.134 0.39
5 12 1.711 0.123
5 13 6.364 0.484
5 14 3.125 1.467
5 15 5.539 0.669
5 16 2.0 1.203
5 17 5.497 0.396
5 18 0.685 0.941
5 19 6.084 1.491
5 20 1.443 0.419
5 21 2.315 1.901
5 22 3.954 0.298
5 23 6.268 0.982
5 24 7.121 1.638
5 25 0.986 1.701
5 26 5.045 2.187
5 27 4.16 0.383
5 28 4.726 1.203
5 29 0.623 1.134
5 30 1.939 1.567
5 31 4.009 2.191
5 32 1.551 0.43
5 33 6.92 0.074
5 34 3.018 1.787
5 35 5.096 0.669
5 36 5.903 2.007
5 37 6.801 0.331
5 38 0.164 1.435
5 39 2.037 0.187
5 40 3.657 1.544
5 41 5.445 1.403
5 42 4.589 1.932
5 43 2.375 0.565
5 44 2.76 0.099
5 45 7.319 1.963
5 46 2.578 1.194
5 47 7.388 0.614
5 48 5.666 1.687
5 49 1.001 1.609
6 7 5.31 0.116
6 8 7.069 1.466
6 9 4.446 0.219
6 10 6.556 0.038
6 11 0.407 1.926
6 12 2.401 0.853
6 13 7.331 0.883
6 14 6.183 0.093
6 15 1.688 2.104
6 16 6.41 0.329
6 17 4.615 1.634
6 18 3.98 1.429
6 19 4.507 1.937
6 20 7.277 0.809
6 21 1.106 1.968
6 22 4.83 1.417
6 23 0.315 0.429
6 24 2.98 1.29
6 25 3.613 1.28
6 26 6.829 0.484
6 27 2.932 1.606
6 28 2.076 1.49
6 29 4.185 1.074
6 30 5.633 0.642
6 31 2.872 1.99
6 32 3.741 1.149
6 33 5.377 0.198
6 34 6.024 1.818
6 35 0.282 0.052
6 36 3.529 1.53
6 37 0.369 1.343
6 38 0.211 1.914
6 39 1.44 0.501
6 40 0.159 0.345
6 41 6.442 0.542
6 42 2.415 0.994
6 43 7.431 1.103
6 44 6.403 1.037
6 45 2.919 1.872
6 46 0.049 0.802
6 47 0.664 0.911
6 48 7.12 0.488
6 49 6.856 0.244
7 8 6.136 0.68
7 9 4.634 1.982
7 10 6.282 2.17
7 11 2.2 0.783
7 12 2.41 0.65
7 13 6.244 1.038
7 14 5.927 1.188
7 15 3.882 1.755
7 16 5.086 0.396
7 17 3.113 0.694
7 18 7.324 0.493
7 19 2.57 1.409
7 20 7.33 0.571
7 21 2.657 1.039
7 22 1.975 1.512
7 23 6.78 1.406
7 24 5.911 0.135
7 25 5.63 0.193
7 26 3.303 0.437
7 27 5.004 1.015
7 28 6.49 1.267
7 29 4.47 1.472
7 30 4.599 1.806
7 31 7.05 0.363
7 32 5.869 1.461
7 33 0.623 1.15
7 34 3.517 0.348
7 35 2.946 1.512
7 36 5.805 1.896
7 37 6.525 2.041
7 38 1.991 1.581
7 39 0.829 0.567
7 40 0.068 1.103
7 41 1.195 0.199
7 42 0.884 1.331
7 43 1.08 0.289
7 44 1.857 1.462
7 45 2.101 1.893
7 46 0.059 1.936
7 47 2.667 1.329
7 48 4.163 1.434
7 49 6.389 1.977
8 9 6.225 0.557
8 10 5.975 1.792
8 11 3.896 1.992
8 12 1.404 1.29
8 13 1.321 1.073
8 14 5.497 0.572
8 15 4.443 2.122
8 16 4.832 0.191
8 17 3.141 2.194
8 18 6.678 1.224
8 19 2.535 1.658
8 20 0.092 1.271
8 21 6.069 0.589
8 22 6.113 1.25
8 23 3.716 1.867
8 24 0.792 1.575
8 25 2.581 0.891
8 26 7.22 1.937
8 27 1.787 0.209
8 28 6.036 0.899
8 29 7.185 0.029
8 30 1.288 1.005
8 31 1.446 0.019
8 32 1.676 0.358
8 33 3.018 0.285
8 34 7.249 1.636
8 35 4.963 1.801
8 36 7.046 0.613
8 37 7.254 1.834
8 38 4.979 0.721
8 39 5.44 1.224
8 40 2.698 2.098
8 41 2.208 0.587
8 42 7.342 0.858
8 43 6.029 0.528
8 44 1.946 1.775
8 45 6.092 1.679
8 46 4.814 0.937
8 47 1.045 1.467
8 48 6.011 0.127
8 49 7.41 1.469
9 10 1.714 0.524
9 11 4.583 1.486
9 12 2.523 0.058
9 13 5.579 2.103
9 14 1.332 0.324
9 15 7.255 1.35
9 16 1.202 1.119
9 17 4.197 1.493
9 18 5.466 2.079
9 19 2.991 0.914
9 20 0.289 0.519
9 21 1.432 1.362
9 22 6.101 0.761
9 23 2.872 1.836
9 24 1.913 1.718
9 25 4.374 1.449
9 26 4.854 2.115
9 27 6.594 1.107
9 28 5.493 1.087
9 29 5.585 1.101
9 30 6.149 0.514
9 31 1.516 0.368
9 32 1.16 0.458
9 33 3.95 0.054
9 34 5.799 0.14
9 35 2.31 0.833
9 36 5.96 1.791
9 37 4.494 1.798
9 38 0.179 0.278
9 39 7.354 1.827
9 40 6.541 0.439
9 41 3.079 0.722
9 42 6.665 0.075
9 43 5.817 0.169
9 44 5.911 1.79
9 45 4.454 0.59
9 46 4.753 1.283
9 47 5.189 1.05
9 48 0.733 1.459
9 49 0.988 1.493
10 11 5.975 1.81
10 12 6.392 1.102
10 13 0.828 0.235
10 14 0.157 0.736
10 15 3.966 1.239
10 16 7.293 0.877
10 17 1.176 1.333
10 18 4.196 1.094
10 19 5.639 0.434
10 20 1.831 1.598
10 21 5.399 0.009
10 22 3.539 1.066
10 23 5.178 0.337
10 24 6.059 1.199
10 25 5.927 0.49
10 26 3.244 0.612
10 27 5.076 0.739
10 28 2.287 0.884
10 29 6.423 1.682
10 30 6.97 0.499
10 31 0.143 2.195
10 32 5.95 1.939
10 33 5.883 1.562
10 34 6.739 1.097
10 35 0.811 0.96
10 36 0.4 1.389
10 37 6.999 1.461
10 38 1.258 1.136
10 39 0.421 1.112
10 40 2.895 1.591
10 41 0.852 1.334
10 42 2.266 0.447
10 43 6.213 1.585
10 44 2.445 1.51
10 45 5.156 0.159
10 46 6.857 0.666
10 47 3.133 2.113
10 48 1.396 1.877
10 49 3.073 0.944
11 12 2.25 2.201
11 13 1.231 1.22
11 14 6.293 2.159
11 15 6.384 1.755
11 16 5.628 0.545
11 17 1.11 0.759
11 18 1.603 0.676
11 19 4.433 1.588
11 20 6.228 0.762
11 21 2.586 0.474
11 22 3.182 1.063
11 23 2.839 0.945
11 24 4.566 0.834
11 25 5.061 1.714
11 26 0.641 1.44
11 27 1.435 0.608
11 28 1.535 0.117
11 29 1.991 0.077
11 30 0.505 0.675
11 31 5.233 1.484
11 32 1.725 1.81
11 33 2.187 1.096
11 34 6.272 0.653
11 35 6.393 0.542
11 36 0.129 0.757
11 37 5.112 1.285
11 38 6.592 2.095
11 39 4.39 1.199
11 40 5.393 1.833
11 41 5.882 1.189
11 42 5.018 0.765
11 43 1.35 0.529
11 44 7.171 1.48
11 45 6.862 0.229
11 46 5.676 1.088
11 47 5.31 1.072
11 48 5.715 1.644
11 49 3.67 1.683
12 13 6.113 1.822
12 14 4.488 1.937
12 15 5.53 1.412
12 16 7.492 1.155
12 17 6.225 0.424
12 18 5.714 0.567
12 19 6.185 0.998
12 20 2.569 1.207
12 21 6.543 0.688
12 22 3.734 2.104
12 23 5.219 0.466
12 24 4.198 1.749
12 25 4.891 2.04
12 26 3.513 0.936
12 27 1.677 1.851
12 28 6.917 0.121
12 29 4.324 0.847
12 30 2.877 0.346
12 31 0.302 0.42
12 32 2.739 0.69
12 33 5.31 2.17
12 34 6.421 0.422
12 35 0.179 0.17
12 36 1.687 1.365
12 37 0.864 1.957
12 38 0.136 2.153
12 39 4.916 1.975
12 40 0.697 1.098
12 41 7.083 1.187
12 42 4.215 0.837
12 43 2.939 1.162
12 44 4.433 0.542
12 45 1.972 1.384
12 46 2.753 2.058
12 47 1.181 0.531
12 48 3.593 1.013
12 49 1.4 1.024
13 14 4.218 1.306
13 15 2.204 0.491
13 16 5.055 2.031
13 17 3.563 1.233
13 18 1.894 0.799
13 19 5.99 1.11
13 20 5.511 0.081
13 21 2.77 1.919
13 22 1.353 1.824
13 23 6.161 1.199
13 24 2.692 0.104
13 25 4.296 1.451
13 26 6.172 0.41
13 27 6.826 0.976
13 28 4.505 0.761
13 29 3.579 2.039
13 30 2.604 1.07
13 31 1.934 2.167
13 32 1.545 0.03
13 33 0.877 1.052
13 34 3.245 0.932
13 35 1.948 2.021
13 36 0.169 0.517
13 37 4.949 0.21
13 38 5.362 0.963
13 39 0.266 0.094
13 40 3.258 0.077
13 41 2.577 1.279
13 42 5.243 0.963
13 43 0.391 1.172
13 44 4.44 0.164
13 45 1.924 1.736
13 46 0.707 1.873
13 47 7.487 1.576
13 48 1.197 1.284
13 49 4.856 1.625
14 15 3.098 1.58
14 16 5.488 1.309
14 17 3.658 0.086
14 18 4.602 1.474
14 19 6.843 0.831
14 20 3.066 0.462
14 21 0.373 0.293
14 22 0.429 0.12
14 23 5.846 0.206
14 24 3.013 0.776
14 25 5.024 2.186
14 26 5.731 0.86
14 27 6.633 0.631
14 28 3.904 0.516
14 29 1.795 0.542
14 30 1.486 2.171
14 31 3.777 1.478
14 32 5.525 0.207
14 33 5.539 1.549
14 34 4.846 0.877
14 35 1.855 1.514
14 36 5.162 1.373
14 37 7.433 0.229
14 38 4.493 2.138
14 39 0.372 0.236
14 40 0.204 1.635
14 41 2.893 1.513
14 42 6.548 1.469
14 43 6.685 0.282
14 44 2.638 2.108
14 45 6.145 2.079
14 46 6.269 1.182
14 47 0.804 0.579
14 48 1.944 0.847
14 49 4.982 2.18
15 16 5.477 0.532
15 17 1.804 0.111
15 18 7.192 0.815
15 19 3.25 0.553
15 20 6.815 0.388
15 21 1.489 0.636
15 22 0.504 2.171
15 23 1.458 1.949
15 24 5.852 0.975
15 25 2.215 1.81
15 26 3.82 1.321
15 27 3.653 0.082
15 28 6.551 0.474
15 29 4.588 1.117
15 30 4.962 0.463
15 31 1.056 2.073
15 32 4.26 0.166
15 33 3.876 1.337
15 34 4.102 0.233
15 35 7.347 0.721
15 36 6.27 0.063
15 37 0.385 0.363
15 38 3.019 1.715
15 39 7.033 1.226
15 40 3.898 0.802
15 41 4.568 0.85
15 42 0.086 1.105
15 43 4.592 0.005
15 44 6.521 1.911
15 45 1.525 0.838
15 46 7.411 1.98
15 47 6.564 0.041
15 48 2.591 2.095
15 49 2.893 1.578
16 17 6.944 2.034
16 18 5.153 1.337
16 19 2.658 0.318
16 20 3.507 0.004
16 21 4.78 1.46
16 22 6.213 1.955
16 23 5.337 0.461
16 24 0.136 1.744
16 25 2.125 2.11
16 26 5.713 0.884
16 27 2.7 1.374
16 28 3.609 0.061
16 29 3.612 0.165
16 30 2.257 1.252
16 31 7.489 1.98
16 32 2.188 1.977
16 33 2.885 0.488
16 34 1.266 1.877
16 35 4.995 1.476
16 36 2.006 1.925
16 37 5.795 2.009
16 38 4.26 0.516
16 39 2.277 0.084
16 40 7.172 1.459
16 41 7.325 0.104
16 42 6.12 0.141
16 43 1.349 1.737
16 44 3.547 0.613
16 45 1.071 1.799
16 46 1.512 1.3
16 47 0.365 0.784
16 48 3.301 1.532
16 49 3.39 2.136
17 18 0.402 0.198
17 19 3.597 1.969
17 20 7.411 2.035
17 21 3.065 0.204
17 22 3.964 1.489
17 23 6.07 0.811
17 24 3.122 0.048
17 25 0.191 0.359
17 26 1.859 0.975
17 27 1.95 0.912
17 28 4.62 0.254
17 29 7.097 1.978
17 30 4.447 1.592
17 31 4.761 0.078
17 32 2.216 0.654
17 33 4.226 1.114
17 34 3.438 1.619
17 35 0.285 0.676
17 36 6.752 1.286
17 37 2.363 1.419
17 38 5.753 0.242
17 39 1.792 1.762
17 40 3.813 0.266
17 41 6.942 0.817
17 42 1.336 2.005
17 43 4.483 1.489
17 44 3.464 0.975
17 45 5.985 1.397
17 46 0.848 1.1
17 47 3.942 1.615
17 48 4.645 1.469
17 49 3.562 0.313
18 19 6.241 1.15
18 20 4.349 1.875
18 21 3.869 1.306
18 22 6.578 1.583
18 23 6.74 0.02
18 24 4.428 0.64
18 25 3.296 1.268
18 26 0.849 1.651
18 27 2.943 1.491
18 28 4.514 1.33
18 29 0.855 0.064
18 30 5.219 1.413
18 31 6.77 0.939
18 32 2.676 0.297
18 33 1.745 1.15
18 34 6.427 1.621
18 35 3.914 0.74
18 36 1.199 0.321
18 37 4.925 1.24
18 38 2.22 0.455
18 39 4.794 0.201
18 40 4.352 0.757
18 41 2.032 0.619
18 42 4.091 0.948
18 43 3.069 1.579
18 44 4.114 2.05
18 45 0.589 0.305
18 46 2.879 1.236
18 47 1.359 1.146
18 48 1.618 2.174
18 49 6.108 0.602
19 20 7.172 0.135
19 21 4.308 1.512
19 22 3.559 1.719
19 23 1.425 0.654
19 24 1.877 0.582
19 25 1.319 0.574
19 26 3.095 0.493
19 27 5.416 2.092
19 28 1.327 0.994
19 29 1.895 0.986
19 30 5.706 1.602
19 31 2.731 1.719
19 32 2.622 0.2
19 33 4.306 1.126
19 34 1.957 0.112
19 35 4.46 1.708
19 36 0.648 2.073
19 37 2.161 0.869
19 38 7.044 0.152
19 39 6.604 1.862
19 40 7.114 0.278
19 41 6.924 1.683
19 42 4.373 0.059
19 43 5.017 0.65
19 44 4.243 0.853
19 45 7.007 2.057
19 46 0.182 1.228
19 47 4.813 1.4
19 48 0.664 1.323
19 49 1.897 1.224
20 21 4.767 0.917
20 22 3.208 1.633
20 23 5.118 0.064
20 24 5.559 0.056
20 25 1.384 0.169
20 26 3.257 1.639
20 27 2.282 1.5
20 28 5.564 1.166
20 29 0.428 2.009
20 30 1.896 0.284
20 31 2.782 0.802
20 32 4.906 0.962
20 33 7.183 2.016
20 34 7.496 0.801
20 35 5.166 0.87
20 36 6.416 0.43
20 37 6.247 1.993
20 38 4.894 0.713
20 39 2.533 1.47
20 40 3.348 2.135
20 41 2.211 1.41
20 42 1.209 1.441
20 43 5.095 1.393
20 44 6.698 0.596
20 45 0.376 1.745
20 46 2.786 0.308
20 47 3.032 1.111
20 48 4.78 1.51
20 49 0.118 0.286
21 22 4.336 1.989
21 23 5.725 0.645
21 24 5.681 1.13
21 25 3.872 1.544
21 26 0.048 2.045
21 27 0.26 0.355
21 28 2.687 1.239
21 29 1.547 2.195
21 30 0.676 0.774
21 31 6.791 0.683
21 32 3.352 1.668
21 33 4.05 0.814
21 34 6.589 1.79
21 35 0.854 1.068
21 36 6.408 1.403
21 37 0.578 1.539
21 38 2.181 1.883
21 39 0.84 0.161
21 40 0.759 0.629
21 41 1.215 0.385
21 42 0.276 0.541
21 43 2.684 0.135
21 44 6.804 0.902
21 45 4.822 2.031
21 46 4.763 0.748
21 47 0.408 1.041
21 48 6.342 1.674
21 49 4.38 2.09
22 23 5.978 1.45
22 24 7.106 1.501
22 25 6.086 2.059
22 26 3.565 1.895
22 27 4.64 0.642
22 28 3.541 1.386
22 29 5.429 0.661
22 30 4.66 2.01
22 31 6.895 0.785
22 32 1.254 1.718
22 33 1.779 1.854
22 34 2.762 1.471
22 35 6.054 1.441
22 36 2.594 0.354
22 37 7.392 0.535
22 38 4.084 0.277
22 39 5.529 0.027
22 40 0.152 0.077
22 41 4.716 0.226
22 42 3.211 0.515
22 43 3.45 0.794
22 44 5.213 0.895
22 45 5.071 1.665
22 46 3.616 1.947
22 47 2.994 1.726
22 48 0.814 0.088
22 49 0.418 1.852
23 24 6.721 0.114
23 25 1.539 0.586
23 26 7.207 1.745
23 27 4.609 0.912
23 28 1.877 0.298
23 29 5.048 1.998
23 30 7.0 0.343
23 31 5.731 1.462
23 32 5.847 0.808
23 33 2.356 0.952
23 34 7.446 1.245
23 35 2.689 1.042
23 36 0.153 0.553
23 37 0.017 0.062
23 38 2.489 0.236
23 39 7.378 1.178
23 40 1.499 1.298
23 41 6.63 1.336
23 42 6.814 0.183
23 43 2.215 1.598
23 44 5.647 1.892
23 45 6.442 1.503
23 46 1.887 1.726
23 47 3.914 0.324
23 48 6.226 0.732
23 49 2.075 1.044
24 25 7.392 1.005
24 26 6.559 0.895
24 27 6.632 2.02
24 28 6.366 1.537
24 29 1.225 1.121
24 30 1.165 1.009
24 31 6.305 1.019
24 32 6.819 0.504
24 33 5.316 1.377
24 34 6.069 2.122
24 35 0.614 0.501
24 36 4.113 1.903
24 37 5.11 1.056
24 38 7.432 1.519
24 39 4.274 1.721
24 40 1.395 0.598
24 41 1.651 0.023
24 42 4.163 2.1
24 43 4.632 0.273
24 44 1.939 1.861
24 45 6.16 1.278
24 46 5.911 1.164
24 47 2.736 0.806
24 48 0.228 1.043
24 49 0.01 0.524
25 26 4.83 1.85
25 27 6.559 1.235
25 28 4.195 0.084
25 29 1.658 1.163
25 30 3.771 0.433
25 31 2.556 1.908
25 32 1.731 1.404
25 33 0.988 0.908
25 34 1.275 0.936
25 35 6.923 0.925
25 36 1.782 0.76
25 37 5.243 1.499
25 38 1.785 0.713
25 39 1.421 1.688
25 40 3.012 0.248
25 41 3.131 2.149
25 42 0.657 1.77
25 43 2.216 1.275
25 44 6.13 0.764
25 45 4.661 1.149
25 46 0.015 1.931
25 47 6.99 1.819
25 48 5.152 0.483
25 49 6.388 0.739
26 27 3.313 0.202
26 28 4.91 0.919
26 29 1.855 1.723
26 30 3.751 1.55
26 31 4.965 1.773
26 32 2.614 0.259
26 33 5.827 0.176
26 34 6.095 1.257
26 35 0.387 1.354
26 36 1.068 0.909
26 37 2.402 1.187
26 38 6.917 0.677
26 39 2.177 0.799
26 40 3.924 1.546
26 41 2.703 0.03
26 42 0.904 1.469
26 43 7.183 0.082
26 44 6.868 1.9
26 45 5.237 1.163
26 46 3.704 1.462
26 47 7.422 1.761
26 48 7.351 0.452
26 49 3.855 0.544
27 28 7.068 1.285
27 29 2.877 1.337
27 30 4.818 0.442
27 31 1.424 1.077
27 32 4.952 0.576
27 33 0.589 1.002
27 34 4.024 0.495
27 35 4.928 0.722
27 36 0.096 0.022
27 37 0.535 1.457
27 38 7.107 0.788
27 39 0.246 1.832
27 40 6.543 2.131
27 41 5.798 1.469
27 42 5.692 0.418
27 43 6.39 1.836
27 44 3.247 1.742
27 45 1.44 1.007
27 46 7.255 1.993
27 47 4.016 2.098
27 48 7.274 0.773
27 49 2.675 0.349
28 29 1.941 0.765
28 30 1.674 1.458
28 31 5.934 0.729
28 32 6.619 0.652
28 33 5.147 0.91
28 34 0.783 1.211
28 35 6.922 0.674
28 36 4.961 1.842
28 37 5.568 0.558
28 38 3.811 0.682
28 39 4.912 1.426
28 40 0.53 2.072
28 41 4.543 1.02
28 42 0.065 0.085
28 43 0.078 1.072
28 44 3.377 1.939
28 45 4.47 0.314
28 46 0.332 0.335
28 47 4.341 0.142
28 48 0.173 1.58
28 49 5.773 1.645
29 30 5.104 0.871
29 31 0.363 1.514
29 32 7.489 0.091
29 33 6.124 0.968
29 34 7.088 1.597
29 35 2.118 0.849
29 36 6.234 0.773
29 37 7.119 1.181
29 38 5.682 1.499
29 39 3.966 2.011
29 40 6.593 2.192
29 41 4.31 2.121
29 42 4.951 0.642
29 43 3.952 0.242
29 44 4.768 1.732
29 45 2.133 0.393
29 46 5.428 1.928
29 47 1.696 1.991
29 48 0.532 0.841
29 49 2.599 1.935
30 31 2.805 1.497
30 32 0.323 1.887
30 33 7.477 0.361
30 34 7.304 0.042
30 35 5.926 0.181
30 36 2.067 0.83
30 37 6.638 1.402
30 38 6.509 1.148
30 39 2.265 1.52
30 40 4.575 0.478
30 41 3.544 1.709
30 42 6.777 1.893
30 43 3.4 0.276
30 44 0.956 0.401
30 45 4.191 2.166
30 46 7.283 0.831
30 47 1.093 0.769
30 48 5.634 0.614
30 49 2.212 1.863
31 32 2.323 1.646
31 33 6.71 1.589
31 34 4.739 0.298
31 35 6.002 0.211
31 36 4.009 1.305
31 37 6.171 1.605
31 38 2.506 0.284
31 39 1.566 0.517
31 40 6.217 0.257
31 41 0.789 1.9
31 42 4.544 0.253
31 43 3.268 0.889
31 44 2.184 0.684
31 45 4.887 1.737
31 46 5.218 0.553
31 47 4.916 1.342
31 48 0.018 1.815
31 49 5.16 0.058
32 33 0.954 0.549
32 34 4.952 0.546
32 35 0.543 0.4
32 36 3.585 1.554
32 37 1.746 1.31
32 38 6.428 1.667
32 39 5.611 1.263
32 40 1.613 1.911
32 41 3.522 0.324
32 42 0.671 0.139
32 43 3.714 0.603
32 44 1.044 0.845
32 45 2.777 1.16
32 46 1.383 0.241
32 47 2.342 1.87
32 48 6.461 0.683
32 49 1.822 2.096
33 34 3.448 0.915
33 35 2.379 2.121
33 36 5.78 1.719
33 37 4.705 1.556
33 38 6.77 1.098
33 39 2.367 0.775
33 40 3.354 0.284
33 41 0.021 1.85
33 42 2.078 0.828
33 43 2.017 1.808
33 44 6.63 0.341
33 45 1.779 0.002
33 46 4.927 1.465
33 47 4.862 2.054
33 48 2.654 1.077
33 49 3.613 0.029
34 35 3.093 2.061
34 36 1.121 2.173
34 37 7.282 0.539
34 38 7.47 1.782
34 39 3.039 1.642
34 40 1.049 0.9
34 41 6.006 1.128
34 42 4.99 1.455
34 43 2.002 0.718
34 44 0.281 0.481
34 45 4.857 0.708
34 46 4.031 0.812
34 47 6.049 1.884
34 48 6.204 1.505
34 49 4.932 0.534
35 36 2.539 1.515
35 37 6.324 0.432
35 38 6.43 2.072
35 39 5.888 1.895
35 40 4.487 1.56
35 41 4.364 1.87
35 42 2.297 0.007
35 43 7.194 0.188
35 44 3.716 0.674
35 45 1.161 0.223
35 46 2.612 1.067
35 47 5.787 2.157
35 48 3.476 1.555
35 49 6.028 1.563
36 37 7.294 0.54
36 38 6.545 1.799
36 39 5.129 0.091
36 40 6.664 1.81
36 41 1.653 1.001
36 42 5.436 1.422
36 43 4.879 1.622
36 44 7.275 1.991
36 45 4.609 0.039
36 46 4.545 0.242
36 47 2.01 0.685
36 48 0.738 1.808
36 49 2.517 1.075
37 38 5.262 0.667
37 39 6.666 1.109
37 40 6.094 1.52
37 41 1.843 1.733
37 42 3.215 2.031
37 43 4.546 0.138
37 44 3.598 1.725
37 45 1.406 1.492
37 46 5.477 1.108
37 47 5.053 1.49
37 48 3.361 0.338
37 49 6.338 1.702
38 39 5.126 0.563
38 40 4.888 1.954
38 41 6.229 1.766
38 42 7.071 1.043
38 43 0.636 0.631
38 44 0.713 1.172
38 45 4.06 0.461
38 46 3.002 1.233
38 47 6.835 0.16
38 48 1.234 0.425
38 49 3.653 0.785
39 40 4.426 0.943
39 41 5.884 0.47
39 42 5.883 1.465
39 43 7.187 2.133
39 44 5.854 0.654
39 45 3.161 0.131
39 46 5.723 0.071
39 47 4.146 0.554
39 48 4.895 0.055
39 49 4.653 0.495
40 41 6.467 0.471
40 42 3.088 1.168
40 43 2.174 1.881
40 44 5.25 1.173
40 45 7.112 1.863
40 46 4.192 1.071
40 47 0.519 0.887
40 48 5.28 0.614
40 49 5.315 1.554
41 42 7.228 0.527
41 43 6.897 2.085
41 44 6.768 1.236
41 45 5.971 0.287
41 46 4.664 0.958
41 47 6.023 0.736
41 48 3.931 1.502
41 49 3.396 0.408
42 43 2.208 1.655
42 44 3.133 1.908
42 45 6.303 0.898
42 46 4.186 0.824
42 47 2.66 1.83
42 48 2.223 1.987
42 49 2.65 0.301
43 44 1.078 1.463
43 45 3.702 0.81
43 46 6.612 1.335
43 47 3.35 1.135
43 48 3.436 1.805
43 49 6.784 0.994
44 45 3.724 1.447
44 46 3.601 0.765
44 47 6.335 0.024
44 48 1.707 0.355
44 49 1.954 2.076
45 46 6.608 2.153
45 47 5.549 0.23
45 48 4.25 0.939
45 49 4.668 0.34
46 47 6.741 0.504
46 48 3.926 0.195
46 49 2.293 2.173
47 48 6.424 0.272
47 49 6.287 1.046
48 49 4.712 1.063
