20
80
0 1 13 2.02
0 2 4 2.968
0 3 17 3.164
0 4 11 2.874
0 5 17 0.67
0 6 9 2.109
0 7 15 1.977
0 8 12 3.055
0 9 3 3.005
0 10 4 2.608
0 11 18 2.792
0 12 3 0.531
0 13 5 2.389
0 14 17 2.12
0 15 10 0.558
0 16 6 0.81
0 17 16 2.884
0 18 7 3.168
0 19 10 0.146
1 2 20 3.169
1 3 11 2.898
1 4 7 0.85
1 5 14 1.178
1 6 2 0.342
1 7 6 1.426
1 8 8 2.888
1 9 14 2.78
1 10 19 1.614
1 11 12 3.941
1 12 5 1.992
1 13 3 2.85
1 14 4 3.186
1 15 16 0.185
1 16 14 1.521
1 17 6 1.403
1 18 15 3.443
1 19 7 1.463
2 3 3 2.135
2 4 11 3.616
2 5 17 2.163
2 6 6 1.974
2 7 4 1.524
2 8 12 1.565
2 9 2 1.799
2 10 14 0.9
2 11 14 2.248
2 12 16 3.603
2 13 10 1.764
2 14 10 3.026
2 15 19 1.984
2 16 10 0.81
2 17 1 3.073
2 18 16 3.618
2 19 20 3.699
3 4 17 0.732
3 5 15 0.997
3 6 6 0.137
3 7 10 2.01
3 8 20 2.237
3 9 5 0.393
3 10 20 0.261
3 11 12 3.286
3 12 2 1.104
3 13 3 0.888
3 14 9 0.064
3 15 3 3.062
3 16 17 2.375
3 17 16 1.583
3 18 19 1.643
3 19 4 0.725
4 5 20 2.061
4 6 11 2.189
4 7 7 2.199
4 8 10 2.411
4 9 13 0.603
4 10 20 2.285
4 11 7 3.864
4 12 6 0.839
4 13 4 2.32
4 14 6 1.702
4 15 3 3.161
4 16 16 3.727
4 17 14 1.026
4 18 14 3.215
4 19 4 0.716
5 6 6 2.997
5 7 12 3.279
5 8 14 1.502
5 9 17 3.82
5 10 5 2.823
5 11 11 2.062
5 12 13 0.45
5 13 18 3.145
5 14 5 2.604
5 15 4 3.078
5 16 1 3.555
5 17 8 3.474
5 18 8 0.115
5 19 10 1.941
6 7 8 3.389
6 8 6 3.904
6 9 19 0.25
6 10 2 2.123
6 11 6 1.148
6 12 20 0.379
6 13 5 1.858
6 14 6 2.15
6 15 2 0.695
6 16 10 2.677
6 17 12 2.887
6 18 5 1.782
6 19 9 3.531
7 8 4 0.264
7 9 18 0.117
7 10 19 3.108
7 11 11 1.538
7 12 15 1.102
7 13 6 2.179
7 14 2 0.429
7 15 8 1.055
7 16 11 1.865
7 17 7 2.503
7 18 16 3.783
7 19 15 2.769
8 9 12 0.738
8 10 13 0.955
8 11 16 1.589
8 12 1 2.748
8 13 5 1.303
8 14 8 2.624
8 15 9 1.044
8 16 8 0.875
8 17 2 2.592
8 18 5 3.459
8 19 4 2.259
9 10 1 3.566
9 11 3 2.562
9 12 11 0.762
9 13 4 2.697
9 14 12 0.002
9 15 14 2.71
9 16 16 1.04
9 17 4 0.373
9 18 11 2.37
9 19 5 1.725
10 11 4 1.7
10 12 4 3.935
10 13 12 3.315
10 14 19 3.872
10 15 6 3.165
10 16 16 0.441
10 17 17 0.828
10 18 10 3.226
10 19 3 2.339
11 12 11 0.255
11 13 12 2.15
11 14 2 1.329
11 15 6 1.257
11 16 16 3.439
11 17 8 1.751
11 18 12 3.689
11 19 7 3.728
12 13 12 0.191
12 14 14 2.63
12 15 15 2.226
12 16 14 1.407
12 17 19 3.391
12 18 9 2.338
12 19 16 2.536
13 14 9 0.241
13 15 1 0.259
13 16 8 1.423
13 17 1 2.068
13 18 2 2.569
13 19 12 1.682
14 15 12 3.602
14 16 6 3.882
14 17 13 2.748
14 18 2 1.517
14 19 7 3.986
15 16 15 3.192
15 17 11 2.635
15 18 6 1.312
15 19 11 3.282
16 17 10 0.414
16 18 18 2.684
16 19 19 0.087
17 18 12 1.576
17 19 12 3.511
18 19 4 2.557